# id	left	top	right	bottom	texture_id
[SPRITES]
27000	0	0	10	10	100

280001	77	31	84	38	100
280002	87	31	94	38	100
280003	97	31	104	38	100
280004	107	31	114	38	100
280005	117	31	124	38	100
280006	127	31	134	38	100
280007	137	31	144	38	100
280008	147	31	154	38	100
280009	157	31	164	38	100
280010	167	31	174	38	100

280021	177	31	184	38	100
280022	187	31	194	38	100

280023	77	41	84	48	100
280024	87	41	94	48	100
280025	97	41	104	48	100
280026	107	41	114	48	100
280027	117	41	124	48	100
280028	127	41	134	48	100
280029	137	41	144	48	100
280030	147	41	154	48	100
280031	157	41	164	48	100
280032	167	41	174	48	100
280033	177	41	184	48	100
280034	187	41	194	48	100

280035	77	51	84	58	100
280036	87	51	94	58	100
280037	97	51	104	58	100
280038	107	51	114	58	100
280039	117	51	124	58	100
280040	127	51	134	58	100
280041	137	51	144	58	100
280042	147	51	154	58	100
280043	157	51	164	58	100
280044	167	51	174	58	100
280045	177	51	184	58	100

280046	187	51	184	58	100

#ani_id	sprite1_id	time1	sprite2_id	time2	...
[ANIMATIONS]
27000	270000	100

28001	280001	100
28002	280002	100
28003	280003	100
28004	280004	100
28005	280005	100
28006	280006	100
28007	280007	100
28008	280008	100
28009	280009	100
28010	280010	100

28021	280021	100
28022	280022	100
28023	280023	100
28024	280024	100
28025	280025	100
28026	280026	100
28027	280027	100
28028	280028	100
28029	280029	100
28030	280030	100
28031	280031	100
28032	280032	100
28033	280033	100
28034	280034	100
28035	280035	100
28036	280036	100
28037	280037	100
28038	280038	100
28039	280039	100
28040	280040	100
28041	280041	100
28042	280042	100
28043	280043	100
28044	280044	100
28045	280045	100
28046	280046	100