# id	left	top	right	bottom	texture_id
[SPRITES]
590000	404	95	415	102	30
590001	418	95	429	102	30
590002	433	95	444	102	30
590003	448	95	459	102	30
590004	463	95	478	102	30
590005	481	95	496	102	30
590006	500	95	515	102	30
590007	519	95	534	102	30
590008	538	95	553	102	30
#tail effect
590009	405	117	420	132	30
590010	432	117	447	132	30
590011	461	117	476	132	30
590012	489	117	504	132	30
#disappear effect
590013	368	154	379	165	30
590014	388	154	399	165	30
590015	408	152	423	167	30
590016	434	156	445	165	30
590017	454	156	464	165	30
[ANIMATIONS]
#tail effect
59000	590009	50	590012	50	590010	50	590011	50	590009	50	590009	50
#disappear effect
59001	590013	100	590014	100	590015	100	590016	100	590017	100	590017	50