# id	left	top	right	bottom	texture_id
[SPRITES]
#sprite active 
340001	274	188	289	203	40
340002	293	188	308	203	40
340003	312	188	327	203	40
340004	331	188	346	203	40
#sprite inactive
340005	235	188	250	203	40
#sprite active bouncing
340006	96	186	111	217	30
340007	115	186	130	217	30
340008	134	186	149	217	30
340009	153	186	168	217	30
340010	172	186	187	217	30
340011	191	186	206	217	30
340012	210	186	225	217	30
340013	229	186	244	217	30
340014	248	186	263	217	30
#sprite inactive bouncing
340015	96	233	111	264	30
340016	115	233	130	264	30
340017	134	233	149	264	30
340018	153	233	168	264	30
340019	172	233	187	264	30
340020	191	233	206	264	30
340021	210	233	225	264	30
340022	229	233	244	264	30
340023	248	233	263	264	30
# ani_id	sprite1_id	time1	sprite2_id	time2	...
[ANIMATIONS]
#active
34000	340001	100	340002	100	340003	100	340004	100
#inactive
34001	340005	100
#active bouncing
34002	340006	15	340007	15	340008	15	340009	15	340010	15	340011	15	340012	15	340013	15	340014	15
#inactive bouncing
34003	340015	15	340016	15	340017	15	340018	15	340019	15	340020	15	340021	15	340022	15	340023	15