# id	left	top	right	bottom	texture_id
[SPRITES]
#BROWN GOOMBA
#WALK
31001	4	13	22	30	10
31002	24	13	42	30	10

#DIE
32001	44	19	62	30	10

#KNOCK OUT
33001	382	13	397	28	10

#RED_GOOMBA
#WINGS
63001	236	35	255	58	10
63002	260	35	279	58	10
63003	190	35	209	58	10
63004	213	35	232	58	10

#WALK
61001	131	43	146	58	10
61002	151	43	166	58	10

#DIE
62001	171	50	186	58	10

#KNOCK OUT
64001	406	13	421	28	10

# ani_id	sprite1_id	time1	sprite2_id	time2	...
[ANIMATIONS]
5000	31001	100	31002	100
5001	32001	100
5005	33001	100
# RED GOOMBA
#WINGS
6002	63003	100	63004	100
6003	63001	100	63004	100	63002	100	63003	100
6004	63001	50	63004	50	63002	50	63003	50
6005	64001	100

#WALK
6000	61001	100	61002	100

#DIE
6001	62001	100