# id	left	top	right	bottom	texture_id
[SPRITES]
#WALK_LEFT
91001	300	173	315	199	10
91002	322	173	337	199	10
#WALK_RIGHT
92001	344	173	359	199	10
92002	366	173	381	199	10
#HAS_WING_LEFT
96101	299	127	314	154	10
96102	320	127	335	154	10
96103	341	127	356	154	10
96104	363	127	378	154	10
#HAS_WING_RIGHT
96201	453	172	468	199	10
96202	432	172	447	199	10
96203	411	172	426	199	10
96204	389	172	404	199	10
#IN_SHELL_DOWN
94001	390	125	405	140	10
94002	388	125	405	140	10
94003	388	125	407	140	10
94004	319	207	338	222	10
94005	321	207	340	222	10
#IN_SHELL_DOWN_MOVE
94101	390	125	405	140	10
94102	411	125	426	140	10
94103	432	125	447	140	10
94104	453	125	468	140	10
#IN_SHELL_UP
93001	386	264	401	279	10
93002	384	264	401	279	10
93003	386	264	403	279	10
93004	362	264	381	279	10
93005	364	264	383	279	10
#IN_SHELL_UP_MOVE
93101	386	264	401	279	10
93102	407	264	422	279	10
93103	428	264	443	279	10
93104	449	264	464	279	10
# ani_id	sprite1_id	time1	sprite2_id	time2	...
[ANIMATIONS]
#WALK_NO_WING_LEFT
8000	91001	100	91002	100
#WALK_NO_WING_RIGHT
8005	92001	100	92002	100
#WALK_WING_LEFT
8003	96101	100	96104	100	96102	100	96103	100
#WALK_WING_RIGHT
8006	96201	100	96204	100	96202	100	96203	100
#IN_SHELL_DOWN
8007	94001	7000	94002	50	94003	50	94002	50	94003	50	94002	50	94003	50	94002	50	94003	50	94002	50	94003	50	94002	50	94003	50	94002	50	94003	50	94002	50	94005	50	94003	50	94004	50	94002	50	94005	50	94003	50	94004	50	94002	50	94005	50	94003	50	94004	50	94002	50	94005	50	94003	50	94004	50	94002	50	94005	50	94003	50	94004	50	94002	50	94005	50	94003	50	94004	50	94002	50	94005	50	94003	50	94004	50	94002	50	94005	50	94003	50	94004	50
#IN_SHELL_DOWN_MOVE
8008	94101	50	94102	50	94103	50	94104	50
#IN_SHELL_UP
8001	93001	7000	93002	50	93003	50	93002	50	93003	50	93002	50	93003	50	93002	50	93003	50	93002	50	93003	50	93002	50	93003	50	93002	50	93003	50	93002	50	93005	50	93003	50	93004	50	93002	50	93005	50	93003	50	93004	50	93002	50	93005	50	93003	50	93004	50	93002	50	93005	50	93003	50	93004	50	93002	50	93005	50	93003	50	93004	50	93002	50	93005	50	93003	50	93004	50	93002	50	93005	50	93003	50	93004	50	93002	50	93005	50	93003	50	93004	50
#IN_SHELL_UP_MOVE
8004	93101	50	93102	50	93103	50	93104	50
#KNOCK_OUT
8010	93101	100