# list of object assets to load in this scene
[ASSETS]
mario.txt
blocks.txt
ground.txt
questionbrick.txt
leaf.txt
mushroom.txt
red_venus.txt
pipe.txt
bullet.txt
goomba.txt
red_koopa.txt
big_tree.txt
bush.txt
cloud.txt
lion_brick.txt
HUDBorder.txt
alphabet.txt
green_venus.txt
green_koopa.txt
piranha.txt
gold_brick.txt
coin.txt
button.txt
bouncingCoin.txt
partical_break.txt
effect.txt
teeth.txt
icons.txt
blackBackground.txt
randomCard.txt
#
[OBJECTS]
# type	x	y	extra_settings per object type
# type: 0 = Mario , 15 = ground, block = 7, question brick = 20, red venus = 13, goomba = 2, red_koopa = 12, spawner = 17, big_tree = 18, bushes = 19, cloud = 30, lion_brick = 31, green venus = 32, piranha =33, gold_brick = 34, bulder gold brick = 36, pipe = 9, hud = 25, wall = 37, bCoin = 23

# See OBJECT_TYPE constants in AssetIDs.h

#mario
0	50	50
#test portal
50	50	100	60	110	0	7	2000	50
#wall
37	0	40
#black background
39	2536	-41	21	14	390001	390000	390000
#random card system
73	2724	76
#icon black tree
52	2630	101	520002
52	2790	125	520003
#ground
15	0	157	42	1
15	672	141	29	2
15	1200	157	22	1
15	1584	157	5	1
15	1712	157	36	1
15	2309	157	35	1
#pipe with lion brick
9	2317	125	32	16	2	82000	82000	82000
31	2309	109	2	1
#pipe
9	2382	125	32	16	2	81000	82000	82000
#big tree
18	91	93	4	1
18	75	109	3	0
18	91	125	2	1
18	123	109	3	1
18	155	109	3	0
18	139	141	1	0
18	171	125	2	2

18	928	77	3	1
18	880	93	3	0
18	912	93	2	0
18	960	93	3	2
18	864	125	1	0
18	896	109	2	1
18	928	109	2	1

18	1008	93	3	0
18	992	125	1	0
18	1024	109	2	2

18	1952	109	3	0
18	1936	141	1	0
18	1968	125	2	2

18	2456	29	4	0
18	2472	45	7	2
18	2440	77	5	0
18	2424	93	4	0
18	2488	125	2	2
#bushes
19	219	141	3
19	720	125	6
19	1088	125	2
19	1232	141	3
19	1776	141	3
#cloud 
30	180	20	2
30	385	15	1
30	695	20	1
30	773	50	3
30	1232	25	1
30	1712	30	3
30	2376	30	1
#blue block
7	327	73	6	10	1
7	1372	57	14	12	1
#white block
7	567	41	6	14	3
#green block
7	2220	9	6	18	2
#beige block
7	295	105	6	6	0
7	519	73	8	10	0
7	1340	89	14	8	0
7	2188	105	6	6	0
7	1356	-119	8	4	0	1
#green block
7	455	105	10	6	2
7	551	121	12	4	2
7	1308	121	14	4	2
#question brick
20	235	93	2	1
20	251	93	2	1
20	283	45	2	1
20	299	45	1	1
20	475	61	2	1
20	704	125	1	1
20	752	93	2	1
20	1520	109	1	1

#lion bricks
31	1552	77	2	1
31	1616	141	3	1
31	1632	125	2	1
31	1648	109	1	1
31	1712	141	3	1
31	1712	125	2	1
31	1712	109	1	1
#coin
4	1120	60
4	1151	31
4	1182	2
4	1213	-27
4	1244	-56

4	1374	-179
4	1392	-179
4	1408	-179

4	1520	-147
4	1536	-147

4	1584	-131
4	1600	-131
4	1616	-131
4	1632	-131

4	1664	-147
4	1680	-147
4	1696	-147
4	1712	-147

4	1744	-115
4	1776	-147
4	1808	-131
4	1856	-163
4	1888	-131
# builder gold
36	2000	109	1	11	3	0	0	1	1	1	3	0	0	0	0	0	0	1	1	1	1	1	0	0	0	1	0	1	1	1	1	1	1	1	0	0	1	1
36	1488	-131	0	1	1	4
#red_venus
13	419	117	32	16	3	81000	82000	83000
#piranha
33	1848	133	32	16	2	81000	82000	83000
#green_venus
32	1912	117	32	16	3	81000	82000	83000
#brown goomba
2	290	140	1
2	600	130	1
#red koopa
12	550	100	1
12	2144	80	1



# spawner
17	704	-150	1088	100	2	1	2	1	16	0
17	1200	-100	1472	39	6	0	6	0	6	0
17	1343	-100	1500	135	6	1
#teeth line
70	1456	-67	4	1
70	1536	-83	11	1
#icons
52	128	-227	520004
52	272	-195	520006
52	304	-227	520005
52	304	-195	520005
52	336	-179	520006
52	352	-179	520004
52	384	-227	520004
52	416	-195	520004
52	640	-211	520004
52	656	-211	520006
52	720	-243	520006
52	800	-211	520004
52	800	-243	520004
52	848	-243	520006
52	880	-227	520005
52	1008	-195	520005
52	1152	-147	520004
52	1232	-131	520006
52	1264	-131	520005

52	1312	-211	520004
52	1408	-227	520004
52	1440	-115	520004

52	1504	-163	520004
52	1536	-179	520004
52	1552	-163	520006
52	1552	-195	520006

52	1664	-227	520004
52	1728	-195	520004
52	1776	-195	520005
52	1904	-163	520005
52	1968	-115	520005
52	1968	-243	520005
52	2000	-243	520006
52	2160	-147	520005
52	2272	-179	520004
52	2432	-259	520004
52	2464	-115	520004
52	2496	-259	520004
# hud
25	0	0

40	55	216

42	140	216
43	165	200