[ASSETS]
mario.txt
crossTilePlatform.txt
HUDBorder.txt
alphabet.txt
bush.txt
icons.txt
gold_brick.txt
coin.txt
mushroom.txt
leaf.txt
red_koopa.txt
woodenBlock.txt
pipe.txt
lion_brick.txt
partical_break.txt
dropLift.txt
effect.txt
bouncingCoin.txt
[OBJECTS]
# type	x	y	extra_settings per object type
# type: 0 = Mario , 15 = ground, block = 7, question brick = 20, red venus = 13, goomba = 2, red_koopa = 12, spawner = 17, big_tree = 18, bushes = 19, cloud = 30, lion_brick = 31, green venus = 32, piranha =33, gold_brick = 34, bulder gold brick = 36, pipe = 9, hud = 25, wall = 37, bCoin = 23, cross platform = 51, icon = 52, woodenBlock = 53, dropLift = 56

# See OBJECT_TYPE constants in AssetIDs.h
#mario
0	750	50
#CrossPlatform
51	0	119	10	5	500001	500002	500003	500004	500005	500006
51	1968	135	3	2	500001	500002	500003	500004	500005	500006
#BUSHES
19	64	103	5
#ICONS
52	30	54	520000
52	96	74	520001
52	170	14	520000
52	233	154	520000
52	272	55	520001
52	384	150	520001
52	500	140	520001
52	424	74	520000
52	545	39	520000
52	715	39	520000
52	672	103	520001
52	800	91	520001
52	808	167	520000
52	904	71	520000
52	928	155	520001
52	1064	39	520000
52	1160	103	520000
52	1168	171	520001
52	1264	27	520001
52	1336	151	520000
52	1376	91	520001
52	1440	155	520001
52	1464	55	520000
52	1576	55	520000
52	1640	119	520000
52	1664	75	520001
52	1728	171	520001
52	1776	43	520001
52	1864	119	520000
52	1928	39	520000
52	2000	76	520001
#builder gold brick
36	224	119	0	4	1	1	1	1	1
36	384	103	0	5	1	1	1	1	1	1
36	608	55	0	4	1	1	1	4	1
36	640	135	0	2	1	1	1
36	752	135	0	4	1	1	1	1	1
36	752	87	0	1	3	1	1	1
36	864	151	0	3	1	1	1	1
36	864	103	0	1	3	1	1	1
36	944	103	0	1	2	1	1
36	960	119	0	1	1	2
36	960	167	0	4	1	1	1	1	1
36	1008	119	0	5	1	5	1	1	1	1
36	1152	151	0	5	1	1	1	1	1	1
36	1184	55	0	4	2	0	0	0	4	1	1	1	1
36	1264	135	0	2	1	1	1
36	1392	71	0	3	1	1	1	1
36	1536	55	0	1	2	5	1
36	1536	135	0	4	3	1	0	0	0	1	0	0	0	1	1	1	1
36	1728	55	0	1	3	1	1	1
36	1776	135	0	3	1	1	1	1
#drop lift
56	384	87
56	608	71
56	576	119
56	640	167
56	752	103
56	1104	151
56	1216	87
56	1424	103
56	1392	119
56	1552	71
56	1792	103
56	1760	151
56	1808	184
#coins
4	336	71
4	352	71
4	368	71
4	416	39
4	434	39
4	450	39
4	768	71
4	784	71
4	800	71
4	848	39
4	864	39
4	880	39
4	1328	55
4	1344	55
4	1360	55
4	1504	39
4	1504	55
4	1504	71
4	1504	87
4	1504	103
4	1504	119
4	1504	135
4	1504	151
4	1888	71
4	1904	71
4	1920	71
#red Koopa
12	1008	90	1
12	2000	90	1
12	1872	70	0
#wooden block
53	1920	167	8	2	530001	530002	530003	530004	530005	530006
#pipe
9	1944	103	32	16	4	81000	82000	82000
#lion brick
31	2032	8	1	10
# hud
25	0	0