[ASSETS]
BlueBrick.txt
mario.txt
HUDBorder.txt
alphabet.txt
pipe.txt
coin.txt
questionbrick.txt
leaf.txt
mushroom.txt
bouncingCoin.txt
tileInHiddenMap1_1.txt
lion_brick.txt
randomCard.txt
[OBJECTS]
# type	x	y	extra_settings per object type
# type: wallBuilder = 38
#mario
0	120	20	1
#black background
39	120	8	2	10	390000	390000	390000
39	344	8	2	4	390000	390000	390000
39	152	24	6	9	390000	390000	390000
39	248	24	6	3	390000	390000	390000
39	248	72	1	5	390000	390000	390000
39	264	72	1	4	390000	390000	390000
39	280	72	1	3	390000	390000	390000
39	296	72	1	2	390000	390000	390000
39	312	72	1	1	390000	390000	390000
#test portal
50	150	90	160	100	0	6	120	0
#wall
38	8	8	7	12
38	120	168	8	2
38	248	152	1	3
38	264	136	1	4
38	280	120	1	5
38	296	104	1	6
38	312	88	1	7
38	328	72	11	8
38	376	8	8	4
38	152	8	12	1
#pipe
9	128	8	32	16	2	84000	85000	85000	1
9	352	8	32	16	2	84000	85000	85000	1	-1

# lion brick
31	352	-8	1	1
#test portal
50	350	0	360	10	0	6	120	0

#coin
4	216	40
4	232	40
4	200	56
4	248	56
4	248	72
4	216	88
4	232	88
4	248	104
4	200	120
4	248	120
4	216	136
4	232	136

# hud
25	136	211
# lives
40	55	210
# level (world 1,4)
41	55	202
# score
42	120	210
# timer
43	159	210
# coin
44	159	202
#power
45	70	202
#pause
48	136	211
#random card
74	194	205