# id	left	top	right	bottom	texture_id
[SPRITES]
#card random
720001	329	198	348	219	30
720002	354	198	373	219	30
720003	378	198	397	219	30
720004	402	198	421	219	30
#effect card mushroom
721001	299	239	314	254	30
721002	316	239	331	254	30
721003	333	239	348	254	30
#effect card fire flower
722001	299	266	314	281	30
722002	316	266	331	281	30
722003	333	266	348	281	30
#effect card star
723001	299	290	314	305	30
723002	316	290	331	305	30
723003	333	290	348	305	30
#frame
730000	298	195	321	222	30
# ani_id	sprite1_id	time1	sprite2_id	time2	...
[ANIMATIONS]
#random anim
72000	720001	100	720002	100	720003	100
#effect mushroom card
72001	721001	100	721002	100	721003	100	721002	100
#effect fire flower card
72002	722001	100	722002	100	722003	100	722002	100
#effect star card
72003	723001	100	723002	100	723003	100	723002	100