# id	left	top	right	bottom	texture_id
[SPRITES]
#WALK_LEFT
121001	6	129	21	155	10
121002	28	129	43	155	10
#WALK_RIGHT
122001	344	207	359	233	10
122002	366	207	381	233	10
#HAS_WING_LEFT
126101	93	128	108	155	10
126102	114	128	129	155	10
126103	135	128	150	155	10
126104	157	128	172	155	10
#HAS_WING_RIGHT
126201	452	206	467	233	10
126202	432	206	446	233	10
126203	410	206	425	233	10
126204	388	206	403	233	10
#IN_SHELL_DOWN
124001	50	139	65	154	10
124002	48	139	65	154	10
124003	50	139	67	154	10
124004	69	139	88	154	10
124005	71	139	90	154	10
#IN_SHELL_DOWN_MOVE
124101	390	146	405	161	10
124102	411	146	426	161	10
124103	432	146	447	161	10
124104	453	146	468	161	10
#IN_SHELL_UP
123001	386	243	401	258	10
123002	384	243	401	258	10
123003	386	243	403	258	10
123004	362	243	381	258	10
123005	360	243	383	258	10
#IN_SHELL_UP_MOVE
123101	386	243	401	258	10
123102	407	243	422	258	10
123103	428	243	443	258	10
123104	449	243	464	258	10
# ani_id	sprite1_id	time1	sprite2_id	time2	...
[ANIMATIONS]
#WALK_NO_WING_LEFT
12000	121001	100	121002	100
#WALK_NO_WING_RIGHT
12005	122001	100	122002	100
#WALK_WING_LEFT
12003	126101	100	126104	100	126102	100	126103	100
#WALK_WING_RIGHT
12006	126201	100	126204	100	126202	100	126203	100
#IN_SHELL_DOWN
12007	124001	7000	124002	50	124003	50	124002	50	124003	50	124002	50	124003	50	124002	50	124003	50	124002	50	124003	50	124002	50	124003	50	124002	50	124003	50	124002	50	124005	50	124003	50	124004	50	124002	50	124005	50	124003	50	124004	50	124002	50	124005	50	124003	50	124004	50	124002	50	124005	50	124003	50	124004	50	124002	50	124005	50	124003	50	124004	50	124002	50	124005	50	124003	50	124004	50	124002	50	124005	50	124003	50	124004	50	124002	50	124005	50	124003	50	124004	50
#IN_SHELL_DOWN_MOVE
12008	124101	50	124102	50	124103	50	124104	50
#IN_SHELL_UP
12001	123001	7000	123002	50	123003	50	123002	50	123003	50	123002	50	123003	50	123002	50	123003	50	123002	50	123003	50	123002	50	123003	50	123002	50	123003	50	123002	50	123005	50	123003	50	123004	50	123002	50	123005	50	123003	50	123004	50	123002	50	123005	50	123003	50	123004	50	123002	50	123005	50	123003	50	123004	50	123002	50	123005	50	123003	50	123004	50	123002	50	123005	50	123003	50	123004	50	123002	50	123005	50	123003	50	123004	50	123002	50	123005	50	123003	50	123004	50
#IN_SHELL_UP_MOVE
12004	123101	50	123102	50	123103	50	123104	50
#KNOCK_OUT
12010	123101	100