# id	left	top	right	bottom	texture_id
[SPRITES]
# RED_VENUS_LEFT_UP
131101	65	545	80	576	50
131102	165	545	180	576	50
# RED_VENUS_LEFT_DOWN
131201	15	545	30	576	50
131202	115	545	130	576	50
# RED_VENUS_RIGHT_UP
132101	315	545	330	576	50
132102	215	545	230	576	50
# RED_VENUS_RIGHT_DOWN
132201	365	545	380	576	50
132202	265	545	280	576	50
# ani_id	sprite1_id	time1	sprite2_id	time2	...
[ANIMATIONS]
#LEFT_UP
13000	131101	100	131102	100
#LEFT_DOWN
13001	131201	100	131202	100
#LEFT_UP_FIRE
13002	131101	100
#LEFT_DOWN_FIRE
13003	131201	100
#RIGHT_UP
13004	132101	100	132102	100
#RIGHT_DOWN
13005	132201	100	132202	100
#RIGHT_UP_FIRE
13006	132101	100
#RIGHT_DOWN_FIRE
13007	132201	200